{
	"joints": [
		{
			"index": 0,
			"inverseBindPose": {
				"matrix": [
					1,
					0,
					0,
					0.406323581933975,
					0,
					0.9999999999999943,
					-7.549790099999957e-8,
					0.8410797580835941,
					0,
					7.549790099999957e-8,
					0.9999999999999942,
					-1.4010214170605466,
					0,
					0,
					0,
					1
				]
			},
			"name": "Armature",
			"parentIndex": -32768
		},
		{
			"index": 1,
			"inverseBindPose": {
				"matrix": [
					1.6881843973321062e-7,
					-0.9999999403953528,
					-3.9355710853545385e-15,
					-1.4010214504321654,
					-0.9999999999999887,
					-1.6881842967085284e-7,
					1.13412848551831e-14,
					-0.40632377228269867,
					-1.1341284167593185e-14,
					3.935568467001967e-15,
					-1.0000001192093015,
					-0.841079559970352,
					0,
					0,
					0,
					1
				]
			},
			"name": "Bone",
			"parentIndex": 0
		},
		{
			"index": 2,
			"inverseBindPose": {
				"matrix": [
					1.402110403618148e-7,
					-0.9999999403953537,
					-7.932379110829759e-15,
					-0.9010210665447136,
					0.7071071863174465,
					9.914422401307294e-8,
					-0.7071065306663119,
					1.1248051891855273,
					0.7071064710616966,
					9.914411250826e-8,
					0.707107245922136,
					1.5393148316656815,
					0,
					0,
					0,
					1
				]
			},
			"name": "Bone_001",
			"parentIndex": 1
		},
		{
			"index": 3,
			"inverseBindPose": {
				"matrix": [
					1.4021102244064526e-7,
					-0.9999999403953537,
					-1.2710400680671094e-15,
					-0.9010212402607536,
					0.7071071863174465,
					9.91442066306124e-8,
					-0.7071065306663119,
					0.8494685063890562,
					0.7071064710616966,
					9.914410454636662e-8,
					0.707107245922136,
					1.026883210114185,
					0,
					0,
					0,
					1
				]
			},
			"name": "Bone_002",
			"parentIndex": 1
		},
		{
			"index": 4,
			"inverseBindPose": {
				"matrix": [
					1.4021102244064526e-7,
					-0.9999999403953537,
					-1.2710400680671094e-15,
					-0.4063447336696064,
					0.7071071863174465,
					9.91442066306124e-8,
					-0.7071065306663119,
					1.1201693791838105,
					0.7071064710616966,
					9.914410454636662e-8,
					0.707107245922136,
					0.7194769168904084,
					0,
					0,
					0,
					1
				]
			},
			"name": "Bone_009",
			"parentIndex": 3
		},
		{
			"index": 5,
			"inverseBindPose": {
				"matrix": [
					-0.5337672332801113,
					4.923792919817326e-8,
					0.8456315484808445,
					-0.9339325045117085,
					-0.845631420612332,
					-5.5454476677524935e-9,
					-0.5337672941474999,
					-0.9487864351841223,
					-2.159218942334672e-8,
					-0.9999998211860655,
					4.459712738603603e-8,
					-0.797246515750889,
					0,
					0,
					0,
					1
				]
			},
			"name": "Bone_010",
			"parentIndex": 4
		},
		{
			"index": 6,
			"inverseBindPose": {
				"matrix": [
					-0.9977248932552099,
					1.853659865062146e-8,
					-0.06741398589852349,
					-1.3480018558951563,
					0.06741398572921743,
					-7.072454142330729e-8,
					-0.9977251290868684,
					0.4984570480316213,
					-2.3262254047199477e-8,
					-0.9999998211860655,
					6.931402767472021e-8,
					-0.7972462773323066,
					0,
					0,
					0,
					1
				]
			},
			"name": "Bone_012",
			"parentIndex": 5
		},
		{
			"index": 7,
			"inverseBindPose": {
				"matrix": [
					0.5350525294100362,
					-1.1133349617812668e-7,
					0.8448192459263707,
					0.4566463326244529,
					-0.8448187708854727,
					1.2435326105832258e-7,
					0.5350523704483938,
					-1.2505595919914227,
					-1.6462524805276942e-7,
					-0.9999999403953551,
					-2.7521102608887723e-8,
					-0.7972467541694622,
					0,
					0,
					0,
					1
				]
			},
			"name": "Bone_011",
			"parentIndex": 4
		},
		{
			"index": 8,
			"inverseBindPose": {
				"matrix": [
					0.9965458216337708,
					-1.6634210782666997e-7,
					0.08304530382154722,
					1.1979699851844479,
					-0.08304529637098194,
					4.959699152765426e-8,
					0.9965459702343078,
					-0.4892881717056015,
					-1.698863249915588e-7,
					-0.9999999403953542,
					3.561174735603579e-8,
					-0.7972466349602042,
					0,
					0,
					0,
					1
				]
			},
			"name": "Bone_013",
			"parentIndex": 7
		},
		{
			"index": 9,
			"inverseBindPose": {
				"matrix": [
					1.402110403618148e-7,
					-0.9999999403953537,
					-7.932379110829759e-15,
					-0.901021185416898,
					0.7071071863174465,
					9.914422401307294e-8,
					-0.7071065306663119,
					0.40204650860347263,
					0.7071064710616966,
					9.914411250826e-8,
					0.707107245922136,
					0.8471497549330549,
					0,
					0,
					0,
					1
				]
			},
			"name": "Bone_003",
			"parentIndex": 1
		},
		{
			"index": 10,
			"inverseBindPose": {
				"matrix": [
					1.275744652834067e-7,
					-0.9999999403953546,
					-7.488289920839223e-15,
					-0.9010212569311257,
					0.7071071863174492,
					9.020881207797342e-8,
					-0.7071065306663117,
					-0.06067203502332779,
					0.7071064710617037,
					9.020871023957946e-8,
					0.7071072459221261,
					0.4226727519545456,
					0,
					0,
					0,
					1
				]
			},
			"name": "Bone_004",
			"parentIndex": 1
		},
		{
			"index": 11,
			"inverseBindPose": {
				"matrix": [
					1.275744652834067e-7,
					-0.9999999403953546,
					-7.488289920839223e-15,
					-0.9010213281401788,
					0.7071071863174492,
					9.020881207797342e-8,
					-0.7071065306663117,
					-0.45455639581358176,
					0.7071064710617037,
					9.020871023957946e-8,
					0.7071072459221261,
					0.0670299712929648,
					0,
					0,
					0,
					1
				]
			},
			"name": "Bone_005",
			"parentIndex": 1
		},
		{
			"index": 12,
			"inverseBindPose": {
				"matrix": [
					1.275744652834067e-7,
					-0.9999999403953546,
					-7.488289920839223e-15,
					-0.9010212726975179,
					0.7071071863174492,
					9.020881207797342e-8,
					-0.7071065306663117,
					-0.8178478382078664,
					0.7071064710617037,
					9.020871023957946e-8,
					0.7071072459221261,
					-0.28096463937427785,
					0,
					0,
					0,
					1
				]
			},
			"name": "Bone_006",
			"parentIndex": 1
		},
		{
			"index": 13,
			"inverseBindPose": {
				"matrix": [
					1.275744652834067e-7,
					-0.9999999403953546,
					-7.488289920839223e-15,
					-0.9010213830642676,
					0.7071071863174492,
					9.020881207797342e-8,
					-0.7071065306663117,
					-1.1314257882086207,
					0.7071064710617037,
					9.020871023957946e-8,
					0.7071072459221261,
					-0.609838720747484,
					0,
					0,
					0,
					1
				]
			},
			"name": "Bone_007",
			"parentIndex": 1
		},
		{
			"index": 14,
			"inverseBindPose": {
				"matrix": [
					1.6881843973321062e-7,
					-0.9999999403953528,
					-3.9355710853545385e-15,
					0.04459440434697927,
					-0.9999999999999887,
					-1.6881842967085284e-7,
					1.13412848551831e-14,
					-0.41984340132358106,
					-1.1341284167593185e-14,
					3.935568467001967e-15,
					-1.0000001192093015,
					-0.2282451309544126,
					0,
					0,
					0,
					1
				]
			},
			"name": "Bone_008",
			"parentIndex": 1
		}
	],
	"name": "Skeleton"
}